                                                                                                    |
                                                                                                    |
                                                                                                    |
                                                      1     3   22                                  |
                      33                1             1     3             7                         |
                     1121              1 2            1222223   11       7 7                        |
                    1    2            1   2           1     3   11      7 7 7                       |
     123128123123123  XX  123123123121  Y  321231321  1     3   11     7     7                      |
P-P-P-P-P-P-P-P-P-P-P-P-P-P-P-P-P-P-P-P-P-P-P-P-P-P-P-P-P-P-P-P-P-P-P-P-P-P-P-P-P-P-P-P-P-P-P-P-P-P-|
----------------------------------------------------------------------------------------------------|
                                                                                                    |
                                                                                                    |
                                                       13213                23123                   |
              32123                                                                                 |
                                                                                                    |
                                             12313                       31231                      |
                     132131      1231                            T                                  |
   12312122      6                                              111                                 |
P-P-P-P-P-P-P-P-P-P-P-P-P-P-P-P-P-P-P-P-P-P-P-P-P-P-P-P-P-P-P-P-P-P-P-P-P-P-P-P-P-P-P-P-P-P-P-P-P-P-|
----------------------------------------------------------------------------------------------------|
                                                                                                    |
                                      1 22 1                                                        |
                                       2112                                                         |
                 111                 12111121                                                       |
              111   111                2112                                                         |
             1    7    1              1 22 1                                                        |
              111   111                 11                                                          |
                 111                    11                                                          |
P-P-P-P-P-P-P-P-P-P-P-P-P-P-P-P-P-P-P-P-P-P-P-P-P-P-P-P-P-P-P-P-P-P-P-P-P-P-P-P-P-P-P-P-P-P-P-P-P-P-|
----------------------------------------------------------------------------------------------------|
                                                                                                    |
                                                                                                    |
                                                        4 4                                         |
                     3 3 3                       3 3 3      3 3                                     |
                                 3 3 3                  3 3                                         |
   2 2 2         2 2       2 2               2 2                 2 2 2           2 2                |
                                                                                        22314242145 |
1         1 1 1        Y         1 1 1 1 1 1          Y  Y              1 1 1 1       1 1 1 1 1 1 1 |
O---------P-P-O---------P-P-O---------P-P-O---------P-P-O---------O---------O---------O---------P-P-|
----------------------------------------------------------------------------------------------------|
                                                                                                    |
                                                                                                    |
                                                                              4 4                   |
                              3 3 3                3 3 3                3 3 3      3 3              |
                                                                                                    |
              2 2 2       2 2        2 2       2 2       2 2        2 2                2 2 2        |
                                                                                                    |
1 1 1 1 1 1 1       1 1 1      Y         1 1 1       Y       1 1 1            YY              1 1 1 |
O---------O---------O---------O---------O---------O---------O---------O---------O---------P-P-P-P-P-|
----------------------------------------------------------------------------------------------------|
                                                                                                    |
                                                                                                    |
                                                        4 4                                         |
                     3 3 3                       3 3 3      3 3                                     |
                                                                                                    |
   2 2 2         2 2       2 2               2 2                 2 2 2           2 2        T       |
            T                        TT                                    T                TT      |
1         1 1 1                  1 1 1 1 1 1                            1 1 1 1       1 1 1 1 1 1 1 |
O---------P-P-O---------P-P-O---------P-P-O---------P-P-O---------O---------O---------O---------P-P-|
----------------------------------------------------------------------------------------------------|
                                                                                                    |
                                                                                                    |
                                                                                                    |
                                                                                                    |
                                                                                                    |
                               22                                     3 3                           |
            1 1 1 1 1         2  2     2 2         2 2     2       2 2                              |
    11111111 1 1 1 1 111111111    11111            1 1 1 1           1 1 1                          |
O---------O---------O---------O---------O---------O---------O---------O---------O---------P-P-P-P-P-|
----------------------------------------------------------------------------------------------------|
                                                                                                    |
                                                                                                    |
                                                                                                    |
                                                                                                    |
                                                                                                    |
                                                                                                    |
                                                                                                    |
                                                                                                    |
O---------P-P-O---------P-P-O---------P-P-O---------P-P-O---------O---------O---------O---------P-P-|
----------------------------------------------------------------------------------------------------|
                                                                                                    |
                                                                                                    |
                                                                                                    |
                                                                                                    |
                                                                          4 4                       |
                                3 3 3                 3 3             3 3                           |
                  2 2 2       2       2 2         2 2     2       2 2                               |
    1 1 1 1 1 1 1       1 1 1             1 1 1 1           1 1 1                                   |
O---------O---------O---------O---------O---------O---------O---------O---------O---------P-P-P-P-P-|
----------------------------------------------------------------------------------------------------|
                                                                                                    |
                                                                                                    |
                                                                                                    |
                                                                                                    |
                                                                                                    |
                                                                                                    |
                                                                                                    |
                                                                                                    |
O---------P-P-O---------P-P-O---------P-P-O---------P-P-O---------O---------O---------O---------P-P-|
----------------------------------------------------------------------------------------------------|
                                                                                                    |
                                                         1 1                                        |
      x                                                1     1                                      |
                                         Q--Q--Q--Q--1         1               333                  |
 O---------         22222              2 2 2 2 2 2 2             2 2 2 2 2 2 232 23                 |
                1111     1 1 1 1 1 1 1       Q--Q--Q--Q--                    3     3 1 1 1 1        |
                  O---------             1 1 1 1 1 1 1 1 1 1 1 1 1 1 1      3       3        4 4 4 4|
   1 2 3 4 1 2 3 4 1 1 1 1 1 1 1 1 1 1 1                 ---             1 1         311            |
O---------O---------O---------O---------O---------O---------O---------O---------O---------P-P-P-P-P-|
----------------------------------------------------------------------------------------------------|
                                                                                                    |
                                                                                                    |
                                                           1 1 1 1 1 1 1 1 1                        |
                                            1 1 1 1 1 1 1 1                   1 1 1 1 1             |
                             2 2 2 2 2 2 2                                             2 2 2 2 2    |
               1 1 1 1 1 1 1                                                                        |
 4 4 4 4 4 4 4                                                                                      |
                                                                                                    |
O---------P-P-O---------P-P-O---------P-P-O---------P-P-O---------O---------O---------O---------P-P-|
----------------------------------------------------------------------------------------------------|
                                                                                                    |
                                                         1 1                                        |
                                                       1     1                                      |
                                                     1         1                                    |
                    33333              2 2 2 3 3 3 3             3 3 3 3 3 3 3 3 3                  |
                1111     1 1 1 1 1 1 1                    -                        1 1 1 1 1        |
                                                         -x-                                 1 1 1 1|
                                                         ---                                        |
O---------O---------O---------O---------O---------O---------O---------O---------O---------P-P-P-P-P-|
----------------------------------------------------------------------------------------------------|
                                                                                                    |
                                                                                                    |
                                                           4 4 4 4 4 4 4 4 4                        |
                                           1 1 1 1 1 1 1 1                   1 1 1 1 1              |
                             3 3 3 3 3 3 3                                             3 3 3 3 3    |
               1 1 1 1 1 1 1                                                                        |
 1 1 1 1 1 1 1                                                                                      |
                                                                                                    |
O---------P-P-O---------P-P-O---------P-P-O---------P-P-O---------O---------O---------O---------P-P-|
----------------------------------------------------------------------------------------------------|
                                                                                                    |
                                                         1 1                                        |
                                                       1     1                                      |
                                                     1         1                                    |
                    11111              1 1 1 1 1 1 1             1 1 1 1 1 1 1 1 1                  |
                1111     1 1 1 1 1 1 1                    -                        1 1 1 1 1        |
                                                         -Y-                                 1 1 1 1|
                                                         ---                                        |
O---------O---------O---------O---------O---------O---------O---------O---------O---------P-P-P-P-P-|
----------------------------------------------------------------------------------------------------|
                                                                                                    |
                                                                                                    |
                                                           1 1 1 1 1 1 1 1 1                        |
                                           1 1 1 1 1 1 1 1                   1 1 1 1 1              |
                             1 1 1 1 1 1 1                                             1 1 1 1 1    |
               1 1 1 1 1 1 1                                                                        |
 1 1 1 1 1 1 1                                                                                      |
                                                                                                    |
O---------P-P-O---------P-P-O---------P-P-O---------P-P-O---------O---------O---------O---------P-P-|
----------------------------------------------------------------------------------------------------|

[Finished in 0.1s]